149
0
Venusaur
Grass
262
298
264
298
363
100
1
Charmander
Fire
202
198
184
198
281
100
2
Charmeleon
Fire
226
228
214
228
319
100
3
Charizard
Fire
266
268
254
268
359
100
4
Squirtle
Water
194
198
228
198
291
100
5
Wartortle
Water
224
228
258
228
321
100
6
Blastoise
Water
264
268
298
268
361
100
7
Caterpie
Bug
158
138
168
138
293
100
8
Metapod
Bug
138
148
208
148
303
100
9
Butterfree
Bug
188
258
198
258
323
100
10
Weedle
Bug
168
138
158
138
283
100
11
Kakuna
Bug
148
148
198
148
293
100
12
Beedrill
Bug
258
188
178
188
333
100
13
Pidgey
Normal
188
168
178
168
283
100
14
Pidgeotto
Normal
218
198
208
198
329
100
15
Pidgeot
Normal
258
238
248
238
369
100
16
Rattata
Normal
210
148
168
148
263
100
17
Raticate
Normal
260
198
218
198
313
100
18
Spearow
Normal
218
160
158
160
283
100
19
Fearow
Normal
278
220
228
220
333
100
20
Ekans
Poison
218
178
186
178
273
100
21
Arbok
Poison
268
228
236
228
323
100
22
Pikachu
Electric
208
198
158
198
273
100
23
Raichu
Electric
278
278
208
278
323
100
24
Sandshrew
Ground
248
158
268
158
303
100
25
Sandslash
Ground
298
208
318
208
353
100
26
Nidoran(F)
Poison
192
178
202
178
313
100
27
Nidorina
Poison
222
208
232
208
343
100
28
Nidoqueen
Poison
262
248
272
248
383
100
29
Nidoran(M)
Poison
212
178
178
178
295
100
30
Nidorino
Poison
242
208
212
208
325
100
31
Nidoking
Poison
282
248
252
248
365
100
32
Clefairy
Fairy
188
218
194
218
343
100
33
Clefable
Fairy
238
268
244
268
393
100
34
Vulpix
Fire
180
228
178
228
279
100
35
Ninetales
Fire
250
298
248
298
349
100
36
Jigglypuff
Fairy
188
148
138
148
433
100
37
Wigglytuff
Fairy
238
198
188
198
483
100
38
Zubat
Poison
188
178
168
178
283
100
39
Golbat
Poison
258
248
238
248
353
100
40
Oddish
Grass
198
248
208
248
293
100
41
Gloom
Grass
228
268
238
268
323
100
42
Vileplume
Grass
258
298
268
298
353
100
43
Paras
Bug
238
208
208
208
273
100
44
Parasect
Bug
288
258
258
258
323
100
45
Venonat
Bug
208
178
198
178
323
100
46
Venomoth
Bug
228
278
218
278
343
100
47
Diglett
Ground
208
188
148
188
223
100
48
Dugtrio
Ground
258
238
198
238
273
100
49
Meowth
Normal
188
178
168
178
283
100
50
Persian
Normal
238
228
218
228
333
100
51
Psyduck
Water
202
198
194
198
303
100
52
Golduck
Water
262
258
254
258
363
100
53
Mankey
Fighting
258
168
168
168
283
100
54
Primeape
Fighting
308
218
218
218
333
100
55
Growlithe
Fire
238
198
188
198
313
100
56
Arcanine
Fire
318
258
258
258
383
100
57
Poliwag
Water
198
178
178
178
283
100
58
Poliwhirl
Water
228
198
228
198
333
100
59
Poliwrath
Water
268
238
288
238
383
100
60
Abra
Psychic
138
308
128
308
253
100
61
Kadabra
Psychic
168
338
158
338
283
100
62
Alakazam
Psychic
198
368
188
368
313
100
63
Machop
Fighting
258
168
198
168
343
100
64
Machoke
Fighting
298
198
238
198
363
100
65
Machamp
Fighting
358
228
258
228
383
100
66
Bellsprout
Grass
248
238
168
238
303
100
67
Weepinbell
Grass
278
268
198
268
333
100
68
Victreebel
Grass
308
298
228
298
363
100
69
Tentacool
Water
178
298
168
298
283
100
70
Tentacruel
Water
238
338
228
338
363
100
71
Geodude
Rock
258
158
298
158
283
100
72
Graveler
Rock
288
188
328
188
313
100
73
Golem
Rock
318
208
358
208
363
100
74
Ponyta
Fire
268
228
208
228
303
100
75
Rapidash
Fire
298
258
238
258
333
100
76
Slowpoke
Water
228
178
228
178
383
100
77
Slowbro
Water
248
258
318
258
393
100
78
Magnemite
Electric
168
288
238
288
253
100
79
Magneton
Electric
218
338
288
338
303
100
80
Farfetch'd
Normal
228
214
208
214
307
100
81
Doduo
Normal
268
168
188
168
273
100
82
Dodrio
Normal
318
218
238
218
323
100
83
Seel
Water
188
238
208
238
333
100
84
Dewgong
Water
238
288
258
288
383
100
85
Grimer
Poison
258
178
198
178
363
100
86
Muk
Poison
308
228
248
228
413
100
87
Shellder
Water
228
188
298
188
263
100
88
Cloyster
Water
288
268
458
268
303
100
89
Gastly
Ghost
168
298
158
298
263
100
90
Haunter
Ghost
198
328
188
328
293
100
91
Gengar
Ghost
228
358
218
358
323
100
92
Onix
Rock
188
158
418
158
273
100
93
Drowzee
Psychic
194
278
188
278
323
100
94
Hypno
Psychic
244
328
238
328
373
100
95
Krabby
Water
308
148
278
148
263
100
96
Kingler
Water
358
198
328
198
313
100
97
Voltorb
Electric
158
208
198
208
283
100
98
Electrode
Electric
198
258
238
258
323
100
99
Exeggcute
Grass
178
218
258
218
323
100
100
Exeggutor
Grass
288
348
268
348
393
100
101
Cubone
Ground
198
178
288
178
303
100
102
Marowak
Ground
258
198
318
198
323
100
103
Hitmonlee
Fighting
338
168
204
168
303
100
104
Hitmonchan
Fighting
308
168
256
168
303
100
105
Lickitung
Normal
208
218
248
218
383
100
106
Koffing
Poison
228
218
288
218
283
100
107
Weezing
Poison
278
268
338
268
333
100
108
Rhyhorn
Ground
268
158
288
158
363
100
109
Rhydon
Ground
358
188
338
188
413
100
110
Chansey
Normal
108
308
108
308
703
100
111
Tangela
Grass
208
298
328
298
333
100
112
Kangaskhan
Normal
288
178
258
178
413
100
113
Horsea
Water
178
238
238
238
263
100
114
Seadra
Water
228
288
288
288
313
100
115
Goldeen
Water
232
198
218
198
293
100
116
Seaking
Water
282
258
228
258
363
100
117
Staryu
Water
188
238
208
238
263
100
118
Starmie
Water
248
298
268
298
323
100
119
Mr.Mime
Psychic
188
298
228
298
283
100
120
Scyther
Bug
318
208
258
208
343
100
121
Jynx
Ice
198
288
168
288
333
100
122
Electabuzz
Electric
264
268
212
268
333
100
123
Magmar
Fire
288
268
212
268
333
100
124
Pinsir
Bug
348
208
298
208
333
100
125
Tauros
Normal
298
238
288
238
353
100
126
Magikarp
Water
118
138
208
138
243
100
127
Gyarados
Water
348
298
256
298
393
100
128
Lapras
Water
268
288
258
288
463
100
129
Ditto
Normal
194
194
194
194
299
100
130
Eevee
Normal
208
228
198
228
313
100
131
Vaporeon
Water
228
318
218
318
463
100
132
Jolteon
Electric
228
318
218
318
333
100
133
Flareon
Fire
358
318
218
318
333
100
134
Porygon
Normal
218
248
238
248
333
100
135
Omanyte
Rock
178
278
298
278
273
100
136
Omastar
Rock
218
328
348
328
343
100
137
Kabuto
Rock
258
188
278
188
263
100
138
Kabutops
Rock
328
238
308
238
323
100
139
Aerodactyl
Rock
308
218
228
218
363
100
140
Snorlax
Normal
318
228
228
228
523
100
141
Articuno
Ice
268
348
298
348
383
100
142
Zapdos
Electric
278
348
268
348
383
100
143
Moltres
Fire
298
348
278
348
383
100
144
Dratini
Dragon
226
198
188
198
285
100
145
Dragonair
Dragon
266
238
228
238
325
100
146
Dragonite
Dragon
366
298
288
298
385
100
147
Mewtwo
Psychic
318
406
278
406
415
100
148
Mew
Psychic
298
298
298
298
403
100
