152
0
Missigno
Null
1
1
1
1
1
1
1
1
Bulbasaur
Grass
196
228
196
228
293
20
188
2
Ivysaur
Grass
222
258
224
258
323
20
218
3
Venusaur
Grass
262
298
264
298
363
20
258
4
Charmander
Fire
202
198
184
198
281
20
228
5
Charmeleon
Fire
226
228
214
228
319
20
258
6
Charizard
Fire
266
268
254
268
359
20
298
7
Squirtle
Water
194
198
228
198
291
20
184
8
Wartortle
Water
224
228
258
228
321
20
214
9
Blastoise
Water
264
268
298
268
361
20
254
10
Caterpie
Bug
158
138
168
138
293
20
188
11
Metapod
Bug
138
148
208
148
303
20
158
12
Butterfree
Bug
188
258
198
258
323
20
238
13
Weedle
Bug
168
138
158
138
283
20
198
14
Kakuna
Bug
148
148
198
148
293
20
168
15
Beedrill
Bug
258
188
178
188
333
20
248
16
Pidgey
Normal
188
168
178
168
283
20
210
17
Pidgeotto
Normal
218
198
208
198
329
20
240
18
Pidgeot
Normal
258
238
248
238
369
20
280
19
Rattata
Normal
210
148
168
148
263
20
242
20
Raticate
Normal
260
198
218
198
313
20
292
21
Spearow
Normal
218
160
158
160
283
20
238
22
Fearow
Normal
278
220
228
220
333
20
298
23
Ekans
Poison
218
178
186
178
273
20
208
24
Arbok
Poison
268
228
236
228
323
20
258
25
Pikachu
Electric
208
198
158
198
273
20
278
26
Raichu
Electric
278
278
208
278
323
20
298
27
Sandshrew
Ground
248
158
268
158
303
20
178
28
Sandslash
Ground
298
208
318
208
353
20
228
29
Nidoran(F)
Poison
192
178
202
178
313
20
180
30
Nidorina
Poison
222
208
232
208
343
20
210
31
Nidoqueen
Poison
262
248
272
248
383
20
250
32
Nidoran(M)
Poison
212
178
178
178
295
20
198
33
Nidorino
Poison
242
208
212
208
325
20
228
34
Nidoking
Poison
282
248
252
248
365
20
268
35
Clefairy
Fairy
188
218
194
218
343
20
168
36
Clefable
Fairy
238
268
244
268
393
20
218
37
Vulpix
Fire
180
228
178
228
279
20
228
38
Ninetales
Fire
250
298
248
298
349
20
298
39
Jigglypuff
Fairy
188
148
138
148
433
20
138
40
Wigglytuff
Fairy
238
198
188
198
483
20
188
41
Zubat
Poison
188
178
168
178
283
20
208
42
Golbat
Poison
258
248
238
248
353
20
278
43
Oddish
Grass
198
248
208
248
293
20
158
44
Gloom
Grass
228
268
238
268
323
20
178
45
Vileplume
Grass
258
298
268
298
353
20
198
46
Paras
Bug
238
208
208
208
273
20
148
47
Parasect
Bug
288
258
258
258
323
20
158
48
Venonat
Bug
208
178
198
178
323
20
188
49
Venomoth
Bug
228
278
218
278
343
20
278
50
Diglett
Ground
208
188
148
188
223
20
288
51
Dugtrio
Ground
258
238
198
238
273
20
338
52
Meowth
Normal
188
178
168
178
283
20
278
53
Persian
Normal
238
228
218
228
333
20
328
54
Psyduck
Water
202
198
194
198
303
20
208
55
Golduck
Water
262
258
254
258
363
20
268
56
Mankey
Fighting
258
168
168
168
283
20
238
57
Primeape
Fighting
308
218
218
218
333
20
288
58
Growlithe
Fire
238
198
188
198
313
20
218
59
Arcanine
Fire
318
258
258
258
383
20
288
60
Poliwag
Water
198
178
178
178
283
20
278
61
Poliwhirl
Water
228
198
228
198
333
20
278
62
Poliwrath
Water
268
238
288
238
383
20
238
63
Abra
Psychic
138
308
128
308
253
20
278
64
Kadabra
Psychic
168
338
158
338
283
20
308
65
Alakazam
Psychic
198
368
188
368
313
20
338
66
Machop
Fighting
258
168
198
168
343
20
168
67
Machoke
Fighting
298
198
238
198
363
20
188
68
Machamp
Fighting
358
228
258
228
383
20
208
69
Bellsprout
Grass
248
238
168
238
303
20
178
70
Weepinbell
Grass
278
268
198
268
333
20
208
71
Victreebel
Grass
308
298
228
298
363
20
238
72
Tentacool
Water
178
298
168
298
283
20
238
73
Tentacruel
Water
238
338
228
338
363
20
298
74
Geodude
Rock
258
158
298
158
283
20
138
75
Graveler
Rock
288
188
328
188
313
20
168
76
Golem
Rock
318
208
358
208
363
20
188
77
Ponyta
Fire
268
228
208
228
303
20
278
78
Rapidash
Fire
298
258
238
258
333
20
308
79
Slowpoke
Water
228
178
228
178
383
20
128
80
Slowbro
Water
248
258
318
258
393
20
158
81
Magnemite
Electric
168
288
238
288
253
20
188
82
Magneton
Electric
218
338
288
338
303
20
238
83
Farfetch'd
Normal
228
214
208
214
307
20
218
84
Doduo
Normal
268
168
188
168
273
20
248
85
Dodrio
Normal
318
218
238
218
323
20
298
86
Seel
Water
188
238
208
238
333
20
188
87
Dewgong
Water
238
288
258
288
383
20
238
88
Grimer
Poison
258
178
198
178
363
20
148
89
Muk
Poison
308
228
248
228
413
20
198
90
Shellder
Water
228
188
298
188
263
20
178
91
Cloyster
Water
288
268
458
268
303
20
238
92
Gastly
Ghost
168
298
158
298
263
20
258
93
Haunter
Ghost
198
328
188
328
293
20
288
94
Gengar
Ghost
228
358
218
358
323
20
318
95
Onix
Rock
188
158
418
158
273
20
238
96
Drowzee
Psychic
194
278
188
278
323
20
182
97
Hypno
Psychic
244
328
238
328
373
20
232
98
Krabby
Water
308
148
278
148
263
20
198
99
Kingler
Water
358
198
328
198
313
20
248
100
Voltorb
Electric
158
208
198
208
283
20
298
101
Electrode
Electric
198
258
238
258
323
20
378
102
Exeggcute
Grass
178
218
258
218
323
20
178
103
Exeggutor
Grass
288
348
268
348
393
20
208
104
Cubone
Ground
198
178
288
178
303
20
168
105
Marowak
Ground
258
198
318
198
323
20
188
106
Hitmonlee
Fighting
338
168
204
168
303
20
272
107
Hitmonchan
Fighting
308
168
256
168
303
20
250
108
Lickitung
Normal
208
218
248
218
383
20
158
109
Koffing
Poison
228
218
288
218
283
20
168
110
Weezing
Poison
278
268
338
268
333
20
218
111
Rhyhorn
Ground
268
158
288
158
363
20
148
112
Rhydon
Ground
358
188
338
188
413
20
178
113
Chansey
Normal
108
308
108
308
703
20
198
114
Tangela
Grass
208
298
328
298
333
20
218
115
Kangaskhan
Normal
288
178
258
178
413
20
278
116
Horsea
Water
178
238
238
238
263
20
218
117
Seadra
Water
228
288
288
288
313
20
268
118
Goldeen
Water
232
198
218
198
293
20
224
119
Seaking
Water
282
258
228
258
363
20
234
120
Staryu
Water
188
238
208
238
263
20
268
121
Starmie
Water
248
298
268
298
323
20
328
122
Mr.Mime
Psychic
188
298
228
298
283
20
278
123
Scyther
Bug
318
208
258
208
343
20
308
124
Jynx
Ice
198
288
168
288
333
20
288
125
Electabuzz
Electric
264
268
212
268
333
20
308
126
Magmar
Fire
288
268
212
268
333
20
284
127
Pinsir
Bug
348
208
298
208
333
20
268
128
Tauros
Normal
298
238
288
238
353
20
318
129
Magikarp
Water
118
138
208
138
243
20
258
130
Gyarados
Water
348
298
256
298
393
20
260
131
Lapras
Water
268
288
258
288
463
20
218
132
Ditto
Normal
194
194
194
194
299
20
194
133
Eevee
Normal
208
228
198
228
313
20
208
134
Vaporeon
Water
228
318
218
318
463
20
228
135
Jolteon
Electric
228
318
218
318
333
20
358
136
Flareon
Fire
358
318
218
318
333
20
228
137
Porygon
Normal
218
248
238
248
333
20
178
138
Omanyte
Rock
178
278
298
278
273
20
168
139
Omastar
Rock
218
328
348
328
343
20
208
140
Kabuto
Rock
258
188
278
188
263
20
208
141
Kabutops
Rock
328
238
308
238
323
20
258
142
Aerodactyl
Rock
308
218
228
218
363
20
358
143
Snorlax
Normal
318
228
228
228
523
20
158
144
Articuno
Ice
268
348
298
348
383
20
268
145
Zapdos
Electric
278
348
268
348
383
20
298
146
Moltres
Fire
298
348
278
348
383
20
278
147
Dratini
Dragon
226
198
188
198
285
20
198
148
Dragonair
Dragon
266
238
228
238
325
20
238
149
Dragonite
Dragon
366
298
288
298
385
20
258
150
Mewtwo
Psychic
318
406
278
406
415
20
358
151
Mew
Psychic
298
298
298
298
403
20
298
